lastversion:0.0.10.20240129,
preversion:0.0.09.20240122