lastversion:0.0.10.20240130
usableversion:0.0.10.20240129
usableversion:0.0.09.20240110
expiredversion:0.0.09.20240122
