lastversion:0.0.10.20240130
usableversion:0.0.10.20240128
usableversion:0.0.09.20240110
expiredversion:0.0.09.20240122
expiredversion:0.0.09.20240120
expiredversion:0.0.09.20240115
expiredversion:0.0.09.20240101
